1 Smiley-0 42500.25117181189 9871.392402762322 9372.5519110797
2 Smiley-1 15227.418318387156 8863.607934779735 62331.230361138005
3 Smiley-2 77711.74340616401 9634.310067122628 48341.37974406961
4 Smiley-3 88809.33605866908 3884.1409553695426 70037.08758902393
5 Smiley-4 35256.57129147829 9099.65728344137 24758.27513323014
6 Smiley-5 78569.99963416145 5993.72259085846 56268.8074455258
7 Smiley-6 20159.508692870815 7763.7630182309185 17278.44906364777
8 Smiley-7 53375.730297674054 9940.131873778526 29291.69698113449
9 Smiley-8 81912.81895903924 3739.803740742549 63291.99074912233
10 Smiley-9 15317.917445846371 4675.402265625034 29726.406081686277
11 Smiley-10 85018.00666730088 7933.4316590966655 79988.70780687177
12 Smiley-11 46627.415158486794 5629.331071195894 47846.1485658587
13 Smiley-12 32581.58416226978 3241.4258350323244 58161.016938341236
14 Smiley-13 51817.42499504692 4877.778248840701 78532.24190524318
15 Smiley-14 52605.92628725505 6919.4052340779635 7110.107414457526
